$ANSIBLE_VAULT;1.1;AES256
39623030653562633537376164333765323438666262303539623632366565333930626464353438
6337363036646333303438343139366565303262353234380a643331323838376330663331313434
34386262393837623961623339343034336437333866616132613365333861373832373761316437
6261356264373865610a613236343038383037323365356165633838666263616531383733636332
33393634616131666466303037666236623163313262653934316537353130303532306666373038
63643735613466613037656238306564323465343831313631613435383965313330353230386536
66666130663634663665363464653462633564386236376365366166623131333163616265383466
33313633313861613935646163363737366266626236323361396436346365366562643931306164
32306365643138623637656430383566633234623139343733373937616235663839643238353262
38626231353465393566313236356462316432356533346131646537656331363939316532633065
38663731363733363036643338623164316231636431623431643130363965303433363137363830
61383833326336343866393636313963633766363337613439663762646530303763323030356461
35393632316439363436643636616364386364633938633764393763333335316432643265363730
30663236363135363562376265623430626431366231396232616530363739316334643863353362
31333235366635356662346230363466393133386464376137663532373232623562653931633932
63626266353733333936313632656365303930646562623731633234336339333034303031353434
33363031363431386532663732356563346463333236633136393733346165653530613030366434
38353565616664313534663935393834656534663130373365623238636230393539383065623637
32303162623137343932396434333532303961346665656635643037326264613634303830363262
37363637616436616533326230316164313535323734643935643333643833386566386335356263
32393230346337316461303262373131623734343634613637613336653764353537633132626663
33376430636164653031356332333434343237343030326335613766326265643662376632333732
35613162353066623334383164376432623665353236626666343238376239373661386238396261
65306361663532633165
